angle: 90.99529
center_x: 694.1996
center_y: 404.8861
width: 44.24686
height: 48.62078