angle: 87.54147
center_x: 713.2018
center_y: 401.7221
width: 43.56227
height: 47.81741